Metodos Ordenacao  |              Arquivo Ordenado                             |                  Arquivo em Ordem Reversa                         |                    Arquivo Randomico                            |
                   | Comp.Prog. | Comp.Equa. |  Mov.Prog | Mov.Equa. |  Tempo  |  Comp.Prog.  |  Comp.Equa.  |   Mov.Prog  |  Mov.Equa.  |  Tempo  |  Comp.Prog.  |  Comp.Equa.  |   Mov.Prog |  Mov.Equa. |  Tempo  |
 Merge 1a Implemen |         0  |  0,000000  |        0  |  0,000000 |      7  |           0  |    0,000000  |          0  |   0,000000  |     37  |           0  |    0,000000  |         0  |  0,000000  |      7  |
  Insercao Binaria |       472  | 16,020600  |        0  | 57,000000 |      0  |        2672  |   16,020600  |        189  | 228,000000  |      5  |         454  |   16,020600  |       142  |142,000000  |      2  |
    Selecao Direta |      1176  |190,000000  |        0  | 57,000000 |      2  |       19701  |  190,000000  |         18  | 228,000000  |     45  |        1176  |  190,000000  |        32  | 37,564920  |      2  |
             Bolha |      1176  |190,000000  |        0  |  0,000000 |      5  |       19701  |  190,000000  |        342  | 285,000000  |     88  |        1176  |  190,000000  |       236  |570,000000  |      7  |
             Shake |      1176  |190,000000  |        0  |  0,000000 |      5  |       19701  |  190,000000  |        342  | 285,000000  |     88  |        1176  |  190,000000  |       236  |570,000000  |      7  |
             Shell |       322  |  0,000000  |        0  |  0,000000 |      1  |        1443  |    0,000000  |        142  |   0,000000  |      7  |         407  |    0,000000  |       170  |  0,000000  |      3  |
              Heap |      1176  |  0,000000  |      468  |  0,000000 |      8  |       19701  |    0,000000  |       2686  |   0,000000  |    102  |        1176  |    0,000000  |       454  |  0,000000  |      8  |
      Quick s/pivo |        96  |  0,000000  |        0  |  0,000000 |      0  |         396  |    0,000000  |         18  |   0,000000  |      2  |          96  |    0,000000  |        24  |  0,000000  |      0  |
      Quick c/pivo |        62  |  0,000000  |        0  |  0,000000 |      0  |         270  |    0,000000  |         18  |   0,000000  |      3  |          96  |    0,000000  |        40  |  0,000000  |      1  |